0.689585577257904,3.27733543366885e-05,0.00020212883461176,0.000279829957800704,0.000479027235327134,5.40854244861755e-05,0.0266608986592328,3.52813570693808e-05,0.00113518806600667,0.00103104618923517,4.62159299028765e-05,0.000174318219792098,1.95944161468546e-05,2.51336363731776e-05,0.00067906210059223,0.000159628011614259,0.000187044149627968,3.01001031809843e-05,0.00635269230960442,0.000191764361819743,0.00206020915700631,0.000172988886993957,0.00031706478562833,0.000596078770857822,1.08189059552987e-05,0.000103850072010929,0.00149127363267314,0.000911787204728704,0.000481494066312304,0.00263579404722611,0.00127309013243829,8.73549973510599e-05,0.00080372487696106,0.00468209114208276,0.000109948251127607,0.000782763568326946,0.00217043840531076,0.0315453455951855,0.00528793726673182,0.000766914246794629,0.0204836458562319,0.000600164037505769,0.0400787543222229,0.00187979816188939,0.000321585057521199,1.58032042401213e-05,0.000132768464162374,0.00289042612357262,0.00200434745862911,0.00173658146616113,7.49884196740381e-05,0.000113595810634704,2.09317854785731e-05,0.000259687323633739,0.000452564866577133,0.000243176037598282,0.000852580559188702,8.02463091561188e-05
0.0220338983050848,0.447919225415541,0.0154425612052731,0.0550847457627119,0.0160963649930711,0.0291902071563089,0.0155090284701451,0,0.114391427167772,0.0112052730696799,0,0,0,0.0157507276151344,0.0140570352434759,0,0.0249529190207156,0.0138888888888889,0.0171845574387947,0.013653483992467,0.0152228499686127,0,0.0911801632140615,0.00941619585687382,0.0278954802259887,0.0140065913370998,0.0251883239171375,0.0108286252354049,0.0214320805698846,0.0283662900188324,0.0158505963590709,0.00894538606403013,0.00878844946641557,0.0236935028248588,0,0.015964732066427,0.0255218141870684,0.0299258474576271,0.0148697426239799,0.013317191283293,0.0104755178907721,0.0204160246533128,0.012241054613936,0.0264998654829163,0.016713747645951,0,0.0145951035781544,0.0271432080569885,0.0224811676082863,0.0163841807909605,0,0,0,0.0149089767733836,0.022798058815008,0.00973006905210295,0.0174872208770514,0.0193032015065913
0.00517136402623917,0.000551588924513984,0.626679150005436,0.00164010204854884,0.0165002355726832,0.000354980760648998,0.00413774357611414,0.000425118088357874,0.0221165299539727,0.0017782717421506,0.000362966321054091,0.000784428423099982,0.00030167109911483,0.00026859312772066,0.000837269611929237,0.000447068630175046,0.00063171669549785,0.00042445652892999,0.00220732865356372,0.000607239384677559,0.000945633046216539,0.000355369368984259,0.00085602974821611,0.000954966123068371,0.0001889413726035,0.000317588218949706,0.00153054563349257,0.00054514232095436,0.000869721195409411,0.00203889345042786,0.00979160878021673,0.00060226939915742,0.000943609164411237,0.074296966548679,0.000384366027600255,0.000713618140681211,0.00157184736084618,0.00267598487502567,0.0304433598704954,0.00094792836979676,0.00269011923601967,0.000801148467166803,0.00320403010498085,0.00202624185730604,0.000690768532749952,0.000280324781575124,0.000494581828285632,0.00215884143641854,0.00157031274119354,0.00429539606412409,0.000593971913874069,0.000662258034639248,0.000290821524497542,0.000704280600820487,0.00266003841646834,0.000654082398775071,0.00385179458062022,0.000639542730123444
0.00280586737791397,4.98039799401605e-05,0.000173622474327472,0.709723721598283,0.000245379473396298,0.00152562664715066,0.00199703268967485,0.000331676492225951,0.00175713251995542,0.00184630351612798,0.00560258570853278,0.00118208636420836,8.12921385421259e-05,6.40642787217764e-05,0.00074974325601081,0.000200915778521823,0.00072699029332103,0.000758137552925486,0.00271432167932475,0.000318320575106532,0.000405448222688028,7.16145030013965e-05,0.00235703021262091,0.00146208034682289,0.000123767280930386,0.000143237207388844,0.000721099558644065,0.000393169722595727,0.00201302971603198,0.00135120567507488,0.00567517060488052,0.00350430601659759,0.000549071697530799,0.016951527868808,0.000119633820006154,0.000700381650585132,0.00143152216068613,0.00202935809621469,0.00363738139465942,0.000636328204933354,0.000998608387566748,0.00042963293710389,0.0022344108886107,0.00122672708793225,0.00485508829511756,6.31857093999307e-05,0.00107739696387117,0.00193781239762547,0.00144899187071251,0.0010346707289173,0.011029351395504,0.00632453206028666,0.000312165575526697,0.000571253995298747,0.000305254957959696,0.000365871076313556,0.0017910962870773,0.00625480048854808
0.00960854486438079,0.00131239680329878,0.039855281311127,0.000705228067141653,0.551243414520656,0.000290611099902966,0.00637725852755093,0.000257587111277628,0.00486520364914813,0.00250930101712841,0.000358532437962933,0.000470176830567368,0.00022672469281686,0.000242794547777685,0.000945840546945391,0.000297647790302241,0.000491626682839803,0.000305181683975236,0.00235846043840971,0.000681180523818213,0.000768305465511198,0.000501079773821385,0.000696004084829904,0.0021520676097378,0.000401891934301074,0.000537510447589126,0.0016038256931408,0.000507909929379255,0.00093251034254579,0.00180220214289241,0.00446672288837568,0.000413100075895126,0.000943518312878944,0.0250424691104314,0.00033254925608731,0.000699055942384694,0.00169467100902095,0.0036072115828416,0.0761327985170167,0.00099612358417154,0.00256057304373723,0.00065267410246803,0.00518453126089922,0.00234021678740696,0.000827267593846834,0.00017612793933513,0.000641566033566781,0.00239245091982642,0.0018765631354616,0.0209818499114278,0.000555660774843986,0.000502803790890566,0.000232314207585841,0.000653524070534183,0.0356171418570624,0.000706913501967827,0.00136638384557325,0.000443051244188481
0.00250676341345176,0.000371010367960965,0.00098812890030617,0.0163898636166771,0.000830598553713006,0.588030661940833,0.00182918333177247,0.00161485632463297,0.00184866634348236,0.00218398521159056,0.0171188470615272,0.00147752074167552,0.00036592803415328,0.000416751372230123,0.00130247947788659,0.000597682455783692,0.00287961682554079,0.000731856068306562,0.00263010774547672,0.0010002032933523,0.000994201299141325,0.000424883106322419,0.00554919935513458,0.00316244032446513,0.000641155957277116,0.000910302455331929,0.00143896338068006,0.0022216080275748,0.00226880001478497,0.00168303438785244,0.00728828765125468,0.00334078742291794,0.000913125974113977,0.024445362701857,0.00110907817758803,0.000854815757202156,0.00136636589675825,0.00240588001819959,0.00444698623190186,0.00172253928272155,0.000944555530944583,0.000648690605998999,0.00164153258694465,0.00198959994008196,0.00219358485514109,0.00040658670461475,0.00092515703550053,0.0153292026481169,0.00182397883690469,0.00113364279099184,0.0633616765514377,0.00187445711434327,0.000963795302075438,0.000967989115986674,0.00107890686260273,0.000566962571435021,0.057124106172163,0.0091431185200244
0.0762760905227427,4.29961481362435e-05,0.000282444999895398,0.000465922314065448,0.000679809467513267,9.27457045755715e-05,0.665352918932018,4.26963178185773e-05,0.00184177380641175,0.000922204675386811,7.67340238429601e-05,0.000214939124989983,1.56800702989214e-05,2.15281340559704e-05,0.000669952381852998,0.000174054494342135,0.000250204505513997,3.67211217024463e-05,0.0051078309764903,0.000212891336970171,0.00474823640527443,0.000142218316425341,0.000380076195084966,0.000477699902932598,1.19660559599102e-05,8.74409228130954e-05,0.00138679049891648,0.00196042197041892,0.00093590651113181,0.00308178245399219,0.00239008683115368,0.000200634558219045,0.000698437974252914,0.00462676925702791,5.2257903050392e-05,0.00064033620082057,0.00227403303112774,0.027093227574928,0.00445220187976308,0.000900727235040075,0.0117478678633296,0.000786781121769438,0.013869668258191,0.00186573704428162,0.000488373108864016,2.45468541522809e-05,0.000196318105592272,0.00889486114222726,0.00274282674082609,0.00112961902172996,0.000110603015095692,0.000162123414965274,3.36550915069373e-05,0.000191346510546,0.00046072984243203,0.000250837185907686,0.00120250080814625,0.000153591588827883
0.00135241310192225,0.000533912025076636,0.000343710546297583,0.00196582161971205,0.000327236402466325,0.000479894532803488,0.000905928145775203,0.725086601578822,0.000929402414022301,0.000556690789934227,0.000454581988115104,0.0153284420102649,0,0.00034445937101718,0.000465020150873201,0.000369387351814482,0.000689621720342572,0.00082633604430187,0.00210024533161869,0.00053319440138702,0.00057344656652293,0.000322539229225184,0.00174028528890573,0.000531998361904321,0.00079159413147219,0.000261215023021365,0.000636867103747333,0.000545144395870678,0.000486775479569023,0.00104506512742536,0.00132676247388345,0.000380471032532618,0.000649141886095485,0.00459478847948145,0.000578199658493134,0.00061014898880912,0.000828304627050633,0.00163004509250318,0.00105640882681143,0.00103201840500807,0.000853410572107075,0.000931680584465538,0.00125769677661642,0.000536782519835116,0.0045515438519244,0.00029279046536461,0.00263492492489082,0.000837963662186042,0.00200595707206214,0.00058165288527025,0.00063294409424408,0.00123714281139976,0.00075321782462425,0.000687890505105965,0.000484826564706692,0.000398679827566186,0.000710447452722948,0.000637691450960022
0.00407373953986552,0.000373500072411637,0.00277732351714578,0.0015398365377128,0.000835898160707615,0.000181187091180106,0.00280814088452998,0.000135813046510642,0.592097175047141,0.00119174244972206,0.000136686870382288,0.000477007008087649,8.06306252459631e-05,0.000183479370320384,0.000640331697597608,0.000149008975249741,0.000262789576656584,0.000171662366757303,0.0039647781337571,0.000206114073970667,0.00083381156812431,0.000193821042650571,0.000788571489367593,0.000483424521250817,7.07501282346064e-05,0.000478517589241727,0.00108323963539019,0.000574477918484941,0.00285026253920616,0.00274983094014157,0.0279299130519164,0.000507477659930898,0.000678830477239032,0.132427639032874,6.93407751025121e-05,0.000564526476933792,0.00276111229784472,0.00341112028192755,0.00376439645699331,0.00110561891408586,0.00191592765366195,0.000461343327209906,0.00427870713439481,0.00226938726543833,0.000840621656006086,9.539455497005e-05,0.000447929517745801,0.00278190943491129,0.00178756781540544,0.00130331782895682,0.000386592867632157,0.000297671922158994,0.000143669562670515,0.000300125388163539,0.000517062228060805,0.000378021736933726,0.00408261329074177,0.000642257783059121
0.00288756959733728,1.19142631853433e-05,7.4339041067808e-05,0.000386739854161569,7.98070230813759e-05,7.52804313742466e-05,0.000988226673694304,4.1946046042263e-05,0.000507484158512668,0.751986403930908,5.66638265522802e-05,0.00016890477666368,6.25804602775692e-05,5.60409461599745e-05,0.00374009969728055,0.0064541411478043,4.68024459224446e-05,3.48280420954168e-05,0.0076436889774527,0.0105589943966689,0.000131592287975761,0.000226813477570043,8.28555440269933e-05,0.00388279951106827,1.01809821984325e-05,0.000107054749238626,0.00188572355734047,0.000147974238915847,0.000131909017424656,0.00283448222248632,0.000841286204507486,3.60873862971083e-05,0.000919927487256124,0.00453873740169026,0.000230178727964556,0.00170209086130315,0.00183066102245404,0.00223658060435428,0.00300581965727833,0.00527791795011012,0.000983352559397415,0.000778974084457453,0.00328255321521038,0.00127671001437635,0.000189993679135961,8.68286590203975e-06,0.000143729184496625,0.00040775397329175,0.000378579671832391,0.00226339703102742,0.000139946027190375,0.000158505493091616,1.97554878608786e-05,0.0123575689663418,0.000246565077924766,0.000520250114911199,0.000374123464447238,7.77966708849151e-05
0.00213049061144987,0.000247301089075947,0.000595338460939827,0.135342292828475,0.00055253634936899,0.0123823717332374,0.00122715785779531,0.00078095080760826,0.00106866568380336,0.00159441873289719,0.567435192020198,0.00153636102587812,0.000442288486231984,0.000292481095734055,0.000610302745084675,0.000342416892566696,0.00149450706234841,0.000767416682752425,0.00240733823767515,0.000550631331145667,0.00075743884846467,0.000428021115708372,0.00459569638394296,0.0013224493678196,0.000755089776348156,0.000302785307778884,0.000947353402767867,0.000470823227279209,0.00132555351657885,0.00114587367262499,0.00272863461264089,0.0027552424387036,0.000644815550737898,0.0118997624172648,0.000361677842773574,0.000676853730433749,0.00158033421315451,0.00228121144086332,0.0029339606840894,0.00115176591136072,0.0021355735902579,0.000595872533633224,0.00186405600504007,0.00135610187370336,0.00981315947818643,0.000439910591144717,0.00503188447151799,0.00237888805444805,0.0015553195274506,0.000782693313724842,0.00412280484098085,0.0275262550633657,0.000745124931539631,0.00100638198648646,0.000602083036096444,0.000683644837589762,0.00475630710825212,0.00191088694441526
0.00249101595815653,7.46219929668772e-05,0.000113383972646892,0.00128956131595884,0.000187976353711797,0.000409908447629861,0.00128763493298823,0.00325717564138076,0.000620295316537163,0.000724725551259831,0.000218609866300778,0.730122668012026,0.000162990142532915,0.000130915777134868,0.000542192315746197,0.000117762832650851,0.000901107879744492,0.000176991087748967,0.0028725073787227,0.000167148975625516,0.000933957778822303,0.000112969406019299,0.0051238407399041,0.000452822927101655,0.000149313080371683,0.000130199831478664,0.000387914233325444,0.000557568823853629,0.000608973592060757,0.00127127757583426,0.00183347723752086,0.000225969294878861,0.000726922303770178,0.00717499925310415,9.53917810093229e-05,0.000526139124324427,0.00101209457580574,0.00336491790296518,0.00132998156214924,0.00058124462081293,0.00166540877238305,0.000236725221515805,0.00143089699285535,0.000444238418804682,0.00558728792720246,5.28572450182047e-05,0.000683088642140631,0.000929078359656584,0.00514655178124184,0.000686806223311988,0.000257055411819036,0.000855719593261469,0.00515821146764292,0.000240209470949997,0.000196198162667741,0.000582894973797777,0.00110574382513147,0.000186640167340667
0.000215836913353607,6.48884039615572e-05,4.80654844159683e-05,0.000225453103253816,0,7.8198845799825e-05,0.000112038355341029,0.000130483653282171,0.000137387176288974,0.000672942904369431,7.70764375098907e-05,0.000129635438851301,0.712146315096209,0.000145084619807763,0.000976748112933406,0.000333586946388224,7.34091034716603e-05,0.000148263532698485,0.01040299042546,0.000158222119192234,0.000101418172117691,7.9079166027223e-05,0.000103541064346063,0.000200263082325796,6.12834926303596e-05,0.000167885870567201,0.000678977212467306,0.000189992178677561,8.07500138188257e-05,0.00419436657894019,9.85342430527334e-05,0.000204678854471329,0.0202531232899528,0.000458485314549842,0.000119573433161126,0.00604154404308256,0.034476745030473,0.000336620774305073,0.000320150458699214,0.00053581965587157,0.000155220996895692,0.000321323485402223,0.000311803624787819,0.000158113921869839,0.00010459964941951,4.74646658607687e-05,0.000204788094208639,0.00025474706740463,0.000136814968141165,0.000246680905652064,8.56166441159429e-05,7.4963668964134e-05,0,0.000282457108721545,8.71186905039417e-05,0.000364200534634469,0.00036004051920336,6.58127402003257e-05
0.00115323450875437,0.000722139556919085,0.000683042829315185,0.00101444509094589,0.000689367299956992,0.00055655341647904,0.00178209528306925,0.00055655341647904,0.00230287391611989,0.00208075084115459,0,0.00267092381209798,0.00067039388803157,0.69681422664923,0.0177338156796276,0.000546012632076027,0.000677621854479351,0.00133262716878339,0.0201736864624431,0.00076526094765868,0.000642566217207618,0.000953974991002929,0.00114683734304772,0.000732233156529242,0.000846813332250405,0.0589380168879865,0.00142651948920764,0.00053125553391181,0.00220212044442356,0.00689037327575682,0.00151900569504422,0.00116983541810884,0.00474849595748177,0.00288339012092104,0.00083483012471856,0.0100968798911531,0.00347685956156734,0.00106903955364742,0.0011221417910178,0.00268120891614705,0.000755322493792983,0.00183524638987717,0.00138234858313788,0.00404766121075666,0.00113840471552531,0.000973125216086079,0.00112611717256408,0.0012768773358933,0.000793433589608548,0.00188890856501977,0.000569202357762655,0.00053125553391181,0.000699908084360005,0.00153401125843008,0.000741337950013583,0.00303136094175584,0.00105289787244808,0.0016965392496648
0.000705760406092871,8.63870150661337e-06,2.21412694429613e-05,0.000118133138409649,2.63662486228563e-05,3.86887715586477e-05,0.000393218164736017,4.01771723686945e-05,0.000373676140483844,0.00326649640678037,3.47614240111001e-05,8.37543928758575e-05,0.000164175028540663,0.000705084644496036,0.76823347449042,0.00099925117606044,4.33989114411721e-05,3.29420614270044e-05,0.0337467482602242,0.000618371917518477,6.16174440918399e-05,5.26942109590461e-05,8.59718920417675e-05,0.000534151999987021,2.41331559962794e-05,0.000465609751502134,0.000784268886720708,6.00227029664717e-05,7.62437304068438e-05,0.00386950100502268,0.000562659128090537,2.52616962433518e-05,0.00203462806652353,0.0025017845612362,5.76299501063685e-05,0.00535520041797507,0.00275652165503566,0.000502371182369951,0.000992868983201445,0.00619764987536253,0.000319995641487865,0.00188384312888311,0.000750796162290822,0.000301459751168759,0.000179722550909322,8.92255589894923e-06,0.000112561859466854,0.000198648881262156,0.000150459570945644,0.000556171816760921,3.92683011045309e-05,8.76988383447901e-05,9.79280138890368e-06,0.0054712962603113,8.80212241519527e-05,0.00316748982438188,0.000226054768244904,2.81026246009301e-05
0.00240250928681546,4.65829999451965e-05,9.1359974491447e-05,0.000240233698898306,9.0636606228209e-05,8.61738254564268e-05,0.000774070067503648,0.00013822667957594,0.000327968676738333,0.0500406558791082,0.000129277611192444,0.00032818392574249,0.000196071181200934,0.000161670411574502,0.00605730900374332,0.672591146608972,6.75320910021439e-05,9.93313969419617e-05,0.00761730338042466,0.00224706384134617,9.818263065372e-05,0.000130329643229022,0.000152980137635147,0.00144460911978384,7.57154023877019e-05,0.000145874100174402,0.00112105980494709,0.000148453089790745,0.000162899977938063,0.00245719367805548,0.000715513687777142,9.83527624893306e-05,0.00102801294316397,0.00545536371672771,0.000163549389723553,0.0015060545986118,0.00256322659353175,0.00194796762302797,0.00245728303163593,0.00907135419521018,0.000451861056373765,0.000814130256075445,0.00239253147033104,0.000801989809063242,0.000215182593391195,9.31659998903929e-05,0.0001154963931916,0.000279124339243807,0.000262057582390656,0.00164398674231142,0.000205197060844562,0.00014796952923768,4.60349646517236e-05,0.0362102406351491,0.000180888182532284,0.000765641046413822,0.000303497127632598,0.000129676999847436
0.00600643644537282,0.00022002359463547,0.000385167162233725,0.0016659109124717,0.000253316638560577,0.00242184867021352,0.00314505980632763,0.000338776207833214,0.00103399246103365,0.0006846598869296,0.000477938249492617,0.00202873586186345,0.000243524566817899,0.000332413466519289,0.000728503712274223,0.000202037343338283,0.689406738726072,0.000321113919668045,0.00239604498777629,0.000326106399191863,0.00284383328177842,0.000246481110218467,0.0317150858082579,0.000621094869359646,0.000452753230189226,0.000231603783826812,0.000660209587543996,0.0155050236937594,0.000775297154369063,0.00100049428675188,0.002279054404381,0.000319523048076645,0.000786057038635437,0.00658937939311627,0.000165466927453852,0.000732891092926409,0.00102407830495338,0.00604679403406275,0.00115436034287858,0.000698101177955263,0.00245756474285529,0.000471558665628156,0.00328635070162415,0.000969298023406454,0.00180633644036942,0.000194963341463585,0.000638810280312951,0.00404535658014356,0.0488367731425203,0.000745799965405808,0.000940727728689827,0.000663534501209195,0.000311053093193541,0.000505547634384472,0.000409254413466703,0.000484666470870042,0.00294547461625676,0.000514132496025192
0.00227398954174395,0.00029418853586264,0.000490904966469592,0.0050875045230139,0.000510399387520731,0.000503310507138498,0.00110713974509023,0.000739901889895506,0.00145154782118881,0.00173891089858135,0.000803997183351524,0.000744332440134401,0.000968813652238432,0.000518446224711374,0.000553899335320793,0.000402946884884787,0.000622153501781808,0.660118698678818,0.00268785416163239,0.000529666600867312,0.000583988717202953,0.000413518022296888,0.00100959377056632,0.000511267413689984,0.00470516730065914,0.000429647793601387,0.00090846728590763,0.000732297829252937,0.00105720586441195,0.000673716285557548,0.0038298446795487,0.0187576398096728,0.00120963867189038,0.00955242042115347,0.000820892348262512,0.000846946888946061,0.00115679334869008,0.00230380822444112,0.00275634161992629,0.0011118801472253,0.000675722205006366,0.000488013449471576,0.00113145049411126,0.00119583959063351,0.0297136585465083,0.000752839096593081,0.00131282805423596,0.00161626472714899,0.00117100640260012,0.00143324272455317,0.00104595930822911,0.00300583938816182,0.000487199415360698,0.00071855469328992,0.000593946906311328,0.00129689201098105,0.000910921129116864,0.000691776947645437
0.000713745602271669,1.89798677025508e-06,7.06749023656948e-06,4.51608065732342e-05,1.22754229939883e-05,8.58318820315991e-06,0.000236239523803345,1.24139745787235e-05,0.000152091290939823,0.000488466086119138,8.67019529952632e-06,5.11816151706081e-05,8.55102444241772e-05,0.000165470590696716,0.00156168047613885,7.3490482092498e-05,1.20090410780988e-05,8.27928189973791e-06,0.775251027967401,0.000114093931182122,0.000105660428173185,6.30459193253668e-05,3.03576418696437e-05,0.00015660823754455,3.85719633295286e-06,0.000317312818668744,0.000288209563468041,8.6477219025974e-05,3.7154504283897e-05,0.0236152207440053,0.000148488537380803,7.75035161847834e-06,0.00574710653942417,0.000505841939326188,1.23170709405903e-05,0.0112320112147875,0.00413375333222953,0.00094485871743982,0.000191573956674357,0.00058172903394988,0.000431082638108005,0.00113067618565316,0.000750256831340724,0.000148034121171344,5.96163552472657e-05,1.23370289664866e-06,2.92084059569746e-05,9.08110796080165e-05,0.000144707646069979,0.00014909305114039,1.20218241112142e-05,2.11043753176903e-05,3.55625000578375e-06,0.00026621161289999,2.77857780779978e-05,0.00496843343782372,0.000114979671670251,1.11294859285749e-05
0.0028064982326618,6.63462822053124e-05,0.000189904075366626,0.000498855036299967,0.000221985257811378,0.000125522607805692,0.00104653119975855,9.93328746632696e-05,0.000515923455973251,0.134169060844027,0.000124391694275552,0.000269512604314362,0.000222036936126628,0.000189417777523502,0.00374577028666284,0.0022879919671722,0.000103952700229521,0.000119254216170514,0.00594104229423134,0.62436976545768,0.000242298989239759,0.0051921145954856,0.000219551132591983,0.0179443157876408,7.30288110438387e-05,0.000373471421519774,0.00236530213067275,0.00024814273251933,0.000233202920427586,0.00217400010447319,0.00105573064488981,8.37301057565356e-05,0.00101153267979546,0.00524763048992124,0.00059764470988374,0.00148999088761586,0.00140644135281178,0.00205699012728317,0.00351978896414828,0.00366758951321296,0.00103077315967567,0.000609962724500166,0.00524673085964026,0.0016687851508767,0.000320988360635934,6.70518908404359e-05,0.000236762747775961,0.000583279645719787,0.000482415936160425,0.00433917802812651,0.000172639599952372,0.000227590181388394,7.35697651997192e-05,0.00410611574469073,0.000638911621482006,0.000652493136691562,0.00044522291218326,0.000139359150172122
0.0156961101519068,9.08215883820764e-05,0.000171950008901116,0.000371322158327687,0.000250023384296009,0.000107849107152103,0.0101558194362397,9.43820360329357e-05,0.00178645526475943,0.000571406588035081,0.000158409747178041,0.000376602387953574,6.38076236532286e-05,8.63469543888414e-05,0.000415164509558612,0.000116405358076696,0.000507690950024865,6.45445926390036e-05,0.00597982036925017,0.000129664664166305,0.655598400527272,0.000211421087859297,0.000885274347971703,0.000247638856620233,6.33638988712166e-05,0.000258840953978443,0.00162742237364838,0.00314600773984121,0.0018068386307783,0.00328816654918764,0.00453242099814014,0.000460462080788791,0.000817466448946733,0.00265908635030108,0.000125511133017563,0.000465980473686465,0.00265210057884168,0.0458357783533441,0.000898458761711987,0.00078316073558271,0.0119716608569974,0.0011446006152464,0.00661468924730379,0.00158854147193419,0.000621518820790041,8.46897631402212e-05,0.000303518971522415,0.00546562823337908,0.0247774982594606,0.000429538266837875,0.000109428447574418,0.00017306264879201,0.000110824992522217,0.000134869795329815,0.000426314993675341,0.00036130832705561,0.000880453181753241,0.000111864660970173
0.00380223499458784,0.000611816948316264,0.000907687268984228,0.000955509533671352,0.00147379983200879,0.000655630936227946,0.00168815015829941,0.0012362430272878,0.00176874035798591,0.0237690991681907,0.000569877883310714,0.00125015418773899,0.000624151967435545,0.00153991214957569,0.00365023368008443,0.00214730543088752,0.000761070679659548,0.000816049622019767,0.00817680372839361,0.0736042121408766,0.0016432448148866,0.521333549643089,0.00158937930667518,0.0433809214795587,0,0.00245288707975275,0.00351221946692868,0.00113975576662143,0.00149706015377657,0.00265070750145377,0.00282724309487048,0.000872262066291913,0.00184288867737297,0.00776237390124476,0.000874552855556922,0.00177712834429252,0.0034918360190874,0.00746711108489175,0.00866202583918354,0.00389525725603955,0.00272357222153694,0.00170632425455869,0.00510385137250809,0.00314287150108046,0.00119820478029433,0.00040705563093622,0.000732700135685206,0.00131066139322729,0.00161142340246818,0.0324107722258274,0.000849001744524127,0.00121678995054055,0,0.00244812708673182,0.0216423809804731,0.00160334690185436,0.00118385345997286,0.000668249660786969
0.00527485992383538,0.000127458763341269,0.000288436094204813,0.0016133694302522,0.000151495104525003,0.00106584442629175,0.00209924410644638,0.000814971626826612,0.000834476944189736,0.000793625591720323,0.000388556345694558,0.00457229310721723,0.000300852891485329,0.000193783459197588,0.000662402326225083,0.000240969833289226,0.0110388071378442,0.000157913934045183,0.00346733090189491,0.000427280729703892,0.00253454445045273,0.000246758401693566,0.718193679027118,0.000400990332297806,0.000128907874343171,0.000207606629940578,0.000572963025331374,0.00191688622478917,0.000401438750208262,0.00135804325338594,0.00127936630715143,0.000321559252128365,0.000865955132163122,0.00471771920337794,0.000202018674630472,0.00104501996157253,0.00133708020295224,0.00588826121472209,0.0009343712651466,0.00130446287837822,0.00238451626264137,0.000377153521538694,0.00291128317820449,0.000968633267075698,0.000941695333862571,0.00013923097278482,0.000611687288981272,0.00183163247696078,0.0354080329509762,0.000668270245680592,0.000675386534608549,0.000508319972604016,0.000216903259950999,0.000308343680664397,0.000349394981837424,0.000359127509167199,0.00113867252666337,0.000436694964347779
0.00706917503820424,5.21982834995308e-05,0.000197876580405124,0.000936679181701504,0.000350750932066226,0.000253629128068017,0.00200601822119617,9.8505004063217e-05,0.000550889793597511,0.0141252106553943,0.000173144490730113,0.000261880915651324,8.03501222530505e-05,4.80234037224e-05,0.00190543253941477,0.000657437341948082,0.000123898490809133,4.9277331980166e-05,0.00480235013449505,0.00720398316635333,0.000274628887128672,0.00159869616975719,0.000205618357852122,0.667642592027739,6.04895694362656e-05,0.000120305189563758,0.00306355010036253,0.000177473776613319,0.000313764044775412,0.00177513744433898,0.0013222187709269,7.40933504382641e-05,0.0009061204522199,0.00869857981677019,0.00163108675768183,0.0012103088733158,0.00111723381115085,0.00310325146880075,0.0096918634243616,0.00117951699821417,0.00240995966114482,0.000378245461970382,0.0203207724021133,0.00247947036242886,0.000366987859174978,2.70306177010493e-05,0.000250131943767671,0.000718804599789885,0.000687063488949593,0.0657083626735994,0.000225368548269499,0.000304371606940194,5.24347944933793e-05,0.00176339689704496,0.0018418170916656,0.000289633473103019,0.000907352793354308,0.000192095337640484
0.00257022292314906,0.00160692212608158,0.00260815822002472,0.00517828278026053,0.00156159868149979,0.00209714574671312,0.00218479604449938,0.00405507485235545,0.00311186650185414,0.00153861167132913,0.00166014283752232,0.00485087635891097,0,0.0019159456118665,0.00331390899994114,0.00400494437577256,0.00346912452302897,0.0273579835545762,0.00444289715385458,0.0053976102183766,0.00200865265760198,0,0.00299471850769749,0.00339119686139625,0.714797522437792,0.00160692212608158,0.00143695920889988,0.00224557066337042,0.00253987874507034,0.0058135043263288,0.00290285871250025,0.00356178180652841,0.00169474985362045,0.00778455024650839,0.00129789864029666,0.00249099801150105,0.00301719294302731,0.00265760197775031,0.00292404889438264,0.00546299779652819,0.00219750034335943,0.00163009888751545,0.00167678830547643,0.00302843016069221,0.0271027032837104,0.00130672788274766,0.0217747353146665,0.00248061579952804,0.00390605686032138,0.00248497506500149,0.00123609394313968,0.00352391527518803,0.00315203955500618,0.0019283065512979,0.00251751133086114,0.00383189122373301,0.00197624287738551,0.0015657189946436
0.00158401950317622,0.000671485194684072,0.000556980389109086,0.00120463200435222,0.000721668942699483,0.000440403098365323,0.000952717858836957,0.00139892748892516,0.00332819333460509,0.00166654202428034,0.000782039325406076,0.00132519484349748,0.000777181938291751,0.0597319229170679,0.00659168550488104,0.00103235667469755,0.00042745006606046,0.00120164284305109,0.0219351154453084,0.00185392324393773,0.000993238517136859,0.00120407687439629,0.00150255174736406,0.000633174696784748,0.000537550840651793,0.626708533119777,0.00180694800652833,0.000790134970596612,0.00112317735889664,0.00835217154770715,0.0021215099366154,0.00136884302679773,0.0054863131502563,0.006997171733555,0.000906712261340378,0.00896209041667089,0.00967802703917335,0.00264429131775411,0.0018866961531814,0.00277842542939302,0.00150233220444364,0.0015843603724474,0.0013644675350575,0.0024775299897706,0.000858600998493745,0.000494065660771183,0.000672968905657175,0.00101344524753244,0.00154699404785833,0.00252080400910742,0.000767467164063105,0.000955933784098855,0,0.00158269863475039,0.00147248220808491,0.00295469591118028,0.00129206497241004,0.000544027356804225
0.00762589861125516,2.773837167833e-05,7.59125641237544e-05,0.000303445593470079,0.000146218428755585,5.92300743332542e-05,0.00183787171571649,4.21952348835612e-05,0.000687353835148614,0.00228977243164214,4.81333082241311e-05,0.000112421988743347,0.000245867788208428,7.63387960054866e-05,0.00155635308638487,0.000369116320947772,0.000150300673902901,5.18760893407224e-05,0.00484315630624127,0.00065455450279916,0.000709159038040159,0.000181171624024804,0.00013743213516287,0.00149593383037279,3.99092898637197e-05,0.000130610934805766,0.756430112052684,0.00045353745214269,0.000251658961371988,0.00167347663791639,0.000916475369531963,8.03394604314314e-05,0.000928330939104106,0.00280415985985403,0.0051425713539461,0.000875072404041599,0.00181491433667216,0.00425680632448657,0.00155786060658478,0.00684977337233475,0.00314460099299925,0.00114205423144553,0.0251544066796756,0.0227234657493134,0.000427177384647135,2.97196839410678e-05,0.000115395109807807,0.000900947911472898,0.000792288009063724,0.00106554758130013,9.26827780626282e-05,9.85482704905095e-05,5.37430951267641e-05,0.000833314094504112,0.000359209759634084,0.000726753952373384,0.000414492678965041,7.01986458658628e-05
0.0126843286782036,8.78270936983509e-05,0.000218927698745243,0.000507129363343251,0.000263735263436576,0.000301070083772878,0.0157938499452538,0.00021061434874254,0.00162247453431697,0.000722559884751556,0.000173480098553273,0.000405660595879142,0.000113547038816493,0.000134590322419404,0.00065014964188038,0.000134155111387738,0.00175793325549017,0.000168336218769361,0.00407578935547374,0.00028713749518718,0.0079360691728107,0.000186300217365818,0.000966855560622243,0.000372578967835759,9.77832014860191e-05,0.000155386396543236,0.00157253939743162,0.644665214435392,0.000712150855945496,0.00217457472269148,0.00223060101868916,0.000551329686422491,0.000678901424514952,0.00566790085299726,9.64858322279728e-05,0.000598251454618951,0.00191481925211944,0.0132739343285236,0.0014805226993692,0.000920463265041308,0.0050668858741877,0.00101725449134863,0.00750334951911999,0.000889216471632078,0.000748286682013136,7.47082373841509e-05,0.000268094523989247,0.0596502883128033,0.0219610094083363,0.00059161474407973,0.000168210811574494,0.000325409263837448,0.000167065676832615,0.000391629754525561,0.000330536163196546,0.000439684195772827,0.00229584135232884,0.000178128190036092
0.00370520702412727,0.000103391292874497,0.000280654560504338,0.00340421011310473,0.000236926198626007,0.000379892297475578,0.0027268558465914,0.00019351479858247,0.00614868268697442,0.000960823423627659,0.000195456243145255,0.00103774090207253,9.92497943380541e-05,0.000157176921545307,0.000515189424996938,0.000304333412400998,0.000586278525664709,0.000162424700248078,0.0033327200102355,0.000211732894587848,0.0015012476735688,0.000183705213383533,0.00128553173777982,0.000987204027860051,0.000165416323896757,0.000381604762204187,0.000859304808352248,0.000789816606310095,0.617122853895583,0.0016578408049314,0.0968302080250777,0.0011987382152547,0.00063740522334184,0.0249578310712447,0.000106676200632056,0.000713491609625162,0.00238377453151517,0.00316327022689455,0.00279180640675884,0.00125172185714471,0.00183921301986473,0.000730509182140764,0.00313301928106314,0.00191871072604227,0.00117774049991289,0.00100442037497293,0.000380335736182057,0.0022572543992438,0.00186523773061675,0.0012249408727469,0.00875582486410652,0.000532105728702174,0.000114797348241149,0.000668901796354543,0.000369131518198336,0.000466528202470059,0.00239538555631222,0.00888158872273211
0.000688754435961505,3.85297385523822e-06,1.23017980785881e-05,6.22804219858111e-05,1.79479571041658e-05,9.2799318902376e-06,0.000251779952436534,1.86042294800657e-05,0.000229580602542204,0.00041088434365257,1.12510427612185e-05,6.03356584135224e-05,8.43092893591941e-05,0.000188717836521342,0.000731573331056053,6.55195898838121e-05,1.35019598952907e-05,6.92230968599646e-06,0.0585798930267896,0.000148577411255902,0.000108502653331863,8.72668453892583e-05,3.35307547866352e-05,0.000119017004957109,3.16269631453064e-06,0.000445348332387206,0.000310617890332697,0.000124198410760422,6.58113044196553e-05,0.759146135944965,0.000235139595558578,2.51366226358954e-05,0.00997221468296598,0.000488971652413928,1.62967324573032e-05,0.00804355855182277,0.00770534017276542,0.000854353579808894,0.000175115857016714,0.000776988611802957,0.000477818307043502,0.000919969145037833,0.00104395666260568,0.000170995231343742,9.28713004112188e-05,3.45763809151127e-06,3.14799132013122e-05,9.27462798958573e-05,0.000181084008083363,0.00010901031239424,1.54507677317898e-05,2.05968141974247e-05,5.75094370662612e-06,0.000227188795914986,3.4947404169492e-05,0.000865044728122529,0.000106705641277729,9.0752954635785e-06
0.00401949129613316,4.40037745019565e-05,0.000479472651805217,0.00191409988392202,0.000333206731790427,0.000207789789919403,0.00271940243382528,9.75070236430984e-05,0.00744228828390381,0.00109089908935196,0.000134118374897965,0.000444171541084522,4.58164804925092e-05,5.7142244674753e-05,0.000804053334270673,0.000189342321138271,0.000311970066036549,0.000130006945425899,0.00416743719579176,0.000195857626808198,0.000865900277183715,0.000119192401908678,0.000779381325527197,0.000515462984943889,3.89226053008623e-05,0.000192446425537911,0.00113876774010043,0.000792508858769579,0.00943238570850794,0.00352985261366279,0.672160641635056,0.000562459338569611,0.000749141691938511,0.0928046816466574,7.5385337778797e-05,0.000687262441724625,0.00350682827726229,0.00367286626539276,0.00372243643398561,0.0013000780932076,0.00250203891375618,0.000567251588194598,0.00381626760473284,0.0019344319452523,0.000941779357762733,0.000149819723107475,0.000369875518246793,0.00367625853198123,0.00180359814594,0.00119724395462556,0.001944005675402,0.000323331466832868,5.62224883579158e-05,0.000318894597517149,0.000297474857058497,0.000347109640253031,0.0057523579914284,0.00316629855728087
0.00394839475895803,0.00062077036584745,0.00173764819620414,0.0324308270227579,0.000625858647534724,0.00134076222459675,0.00260369686793134,0.00170185272619483,0.00289315927640865,0.00168511917055022,0.00198713502045296,0.00221689164140698,0.00170966264692413,0.00111250190810563,0.0012162176553908,0.000820709905088579,0.000923316844550242,0.0291863837582049,0.00230201309798169,0.00063642661719291,0.00118777775537654,0.000798860224902048,0.00203622129663955,0.00121550766259722,0.00118207143947489,0.000899353788225715,0.00151725459986581,0.00102078758772393,0.00580827354602351,0.00139745336301818,0.00678522362998016,0.702026905948644,0.00105066811620642,0.0142815899331665,0.000744454751476577,0.00161649445465025,0.00225276976596582,0.00276591974200657,0.00256410256410256,0.00136773011753931,0.0017045082836565,0.00133508683348402,0.00296789751628965,0.00258145490934378,0.00761350739681297,0.00602264506580476,0.00197024000206398,0.00225371738117884,0.0021697886909305,0.00133376583727675,0.00289565131502151,0.00678329455615366,0.000810898354747551,0.00130056479926729,0.00102274461914211,0.00179107515392052,0.00188751584171421,0.00222901829500454
0.000507235256893201,4.95548569789014e-06,1.82200532287542e-05,6.42812677376307e-05,1.97734652140812e-05,1.58339566823061e-05,0.000221061344237543,1.65331097621488e-05,0.000164154054674273,0.000400157265570457,1.54643472159159e-05,5.89613024757292e-05,0.000564898437571982,0.000219246128280816,0.000951174956790855,7.84834024732503e-05,1.71259225963989e-05,1.2191688909749e-05,0.0324760466364637,0.000110209283734742,6.75831294037248e-05,4.12849413540889e-05,3.97318634089169e-05,0.000157830424011964,1.13150256768491e-05,0.000350798114367306,0.000246054228626901,6.69529208964932e-05,4.22329473136854e-05,0.0306522447621252,0.000153645193156247,2.02257231076849e-05,0.703115366989159,0.000474929440167788,2.16554724997799e-05,0.04857164552526,0.0219078665182616,0.000468007919383235,0.000232688780969259,0.00052013747436604,0.000275490890951868,0.000609045351463187,0.00052955828358953,0.000143624698344681,0.000108419204299671,4.54041082746857e-06,4.7748618351337e-05,0.000112879141427771,0.000136480539796888,0.000165477312992876,1.77789915996334e-05,4.19959458237863e-05,6.1967862820185e-06,0.000257448254800384,2.46734932088957e-05,0.000899083106590534,0.000101300182273535,1.6901876959952e-05
0.00611984506072043,3.70304792225762e-05,0.000982331140647208,0.00146894635547313,0.000420682415471071,0.000257960911261679,0.00315260898866171,7.63481517335215e-05,0.00850622450747794,0.0017212076602214,0.000173928468603822,0.000312064765352567,2.43501380819703e-05,2.90945687646613e-05,0.000876667899658922,0.000303848963503368,0.000244724027483996,6.39509421296896e-05,0.00450891178147908,0.00024303054320744,0.000694153267869956,7.67156858836921e-05,0.000428149013091076,0.00122105587992612,1.8978512552325e-05,8.96670238985505e-05,0.00106422340367677,0.000765907242726345,0.00135022151622493,0.00198349133852624,0.0333134734841696,0.000194320959566751,0.000667402436109075,0.711575834107162,7.62802992750288e-05,0.000869563181817546,0.002225051745133,0.0047496890576274,0.010079754118975,0.000555016147358437,0.00299033700698983,0.000323938945588849,0.00437747308782075,0.00122035473785502,0.000723018834587203,3.30241685066651e-05,0.000313679088427548,0.00537383837863294,0.00146106133435908,0.00203818890162894,0.00135157856539479,0.000314959803581604,4.44631506133346e-05,0.000558157150749511,0.000382673729971886,0.000213438389747164,0.0135532062848068,0.00113453551379018
0.00902827238716066,0.000136742862520827,0.000392944544965672,0.000373320932361182,0.000730217958157788,0.000148860875978588,0.0016564155654345,0.000394616649412334,0.00143102666639601,0.00197023694473937,0.000155991624233507,0.000301148607899795,0.000285122708726627,0.000122471902509656,0.00114097007278591,0.000373051723582067,0.000160871242108679,0.000121795262164299,0.00397780678505519,0.000884956344428969,0.000331069148437149,0.000340340563568975,0.000301612433942984,0.0035719108352772,0.00015528895925948,0.000205873281851913,0.0415019341617176,0.000381904268923935,0.000462307368356043,0.00178853694765187,0.00112992786398791,0.000339485021880746,0.00088224568064302,0.00274370305255995,0.559444428263914,0.000835356635061676,0.0018762493215937,0.00374295374692533,0.00195865315621831,0.00276038370803028,0.00606679411040476,0.000999641695333398,0.146560078160786,0.0213991627899588,0.000550758175506969,0.00014818423563323,0.00022589574095756,0.000598526830942637,0.000721397443257432,0.00190404386747616,0.000204069204565082,0.000284130947306146,0.000127331410444495,0.000494756119840593,0.0011483553289777,0.000763099945041764,0.00051033817416081,0.000195922378619468
0.000493439584874401,3.72383753148903e-06,1.2023557000971e-05,6.26764979882224e-05,1.50055506021835e-05,1.84655958881868e-05,0.000175058750866164,2.3651676071828e-05,0.000146479249744851,0.000419231078090412,2.23094366635234e-05,5.41688495519117e-05,0.00028668843503191,0.000284179201919308,0.00159894692536926,7.60255376586299e-05,1.87556295679769e-05,1.26706993635709e-05,0.0676979443050377,9.73006953968302e-05,4.68524328739492e-05,4.09546283406412e-05,3.88353228495633e-05,0.000187504305638771,9.62920346817218e-06,0.000371290036464324,0.000232724831492415,5.34464640768319e-05,3.1405233422565e-05,0.0213214829705331,0.000123193888414437,1.57979289179354e-05,0.0393847056160871,0.000480468841775901,1.32733803560265e-05,0.69660488163394,0.00608225630756613,0.000395746507395005,0.000302502439067143,0.000514938098567293,0.000229535469436704,0.000560293442880075,0.000469691413908143,9.46083506456986e-05,8.87004850333512e-05,5.36859177579872e-06,4.44659449256371e-05,0.000108025805653579,8.56399047893516e-05,0.000181369059640116,1.58416098273859e-05,4.14516456452224e-05,6.3110404887916e-06,0.000284887501883731,2.6403289724941e-05,0.0010241836386137,0.000105234862327855,1.06329183922577e-05
0.000704370617329367,3.37954929939489e-06,9.36590438054509e-06,8.71659349459718e-05,1.45780283068349e-05,1.0697825375338e-05,0.000255026954315573,2.5264809391526e-05,0.000223432306436782,0.000342077915075783,1.1153178229205e-05,8.5525292070473e-05,0.000699593375318664,0.000166689316150644,0.000614595155920003,7.18485313437787e-05,1.26865166355156e-05,9.13088652191014e-06,0.0123231760969278,0.000108270803179844,0.000110783441284446,7.19880505804346e-05,3.90589270399188e-05,0.000108877970228257,3.18593927146586e-06,0.000325455748241895,0.00028273056570539,0.000102881226741593,7.04029570306422e-05,0.00935538231962936,0.000230647259554624,2.30621872627358e-05,0.00890275866270935,0.000557606715124932,1.39600608029157e-05,0.00447453823279489,0.818631330136975,0.000815036500738485,0.000174793058479779,0.000535366315326048,0.000525136196482683,0.000607824597407808,0.000926160989045871,0.000169353100094957,9.76272940056459e-05,3.91411744911578e-06,4.13894150299971e-05,0.000110638754668654,0.000195036266242819,0.000120804281272825,1.76401405235685e-05,2.02910060200432e-05,8.79320534877909e-06,0.000186541094944175,3.84589858046376e-05,0.000604570440397272,0.000120766817774093,1.62654331242897e-05
0.0293429567202876,2.92123944579164e-05,7.90508990557968e-05,0.000200052496367894,0.000181861392790633,4.42769241533304e-05,0.00987860414715091,4.39907118515344e-05,0.000990267349208243,0.00101957012560635,3.68909253610361e-05,0.000208166257559946,2.80920389551109e-05,0.000152019252101684,0.000505156556076653,0.000152923864327609,0.000226119757872043,2.64900232625653e-05,0.0103667395639827,0.000265317771072766,0.00614004715882278,0.000401880918578103,0.000353853224080148,0.000465780950291698,1.921288661254e-05,0.000244539438717746,0.00176133550156119,0.00184100242489354,0.000664113018499861,0.0026181142748786,0.00166024092298773,6.28741174100464e-05,0.00105972269894731,0.00345353753994224,6.55594124225027e-05,0.000832015707353702,0.00294948538774877,0.691676314383805,0.00181638365290453,0.000830844706251429,0.0623015153131648,0.000849602922960823,0.0177797481674998,0.00141450828409468,0.000249883865549446,2.2204962578855e-05,0.000118414978398984,0.00258519304957679,0.00474290964937319,0.00086867192669262,8.7019626304059e-05,7.43446955736771e-05,2.16504997819044e-05,0.000370541377229599,0.000336077316352282,0.000283376716981749,0.000764042145739309,5.60346074044383e-05
0.0373254216355292,6.7854784714308e-05,0.00179993229539651,0.00099623175177544,0.00166520253958404,0.000160494784761289,0.00978748811712055,5.26984844575868e-05,0.001717556356867,0.00277579253770202,0.000150477389608723,0.000194822101043405,4.21979852804911e-05,2.54390696069718e-05,0.00144515055255014,0.000356964404575287,0.000173626832188185,4.71237678224356e-05,0.00418224443766998,0.000447686168117862,0.000532328948167491,0.000137074764281551,0.000219991858611618,0.00218617924162426,1.32631846526383e-05,8.22580868218325e-05,0.00140388441633641,0.000558490824703398,0.000484015760862045,0.00209389413910229,0.00300675783338053,8.38310463487904e-05,0.000786010761785017,0.0245349517499475,0.000177541192478893,0.00111716804751588,0.00147012789916704,0.00544453844521128,0.691274680462532,0.000786684200114601,0.00478040799539657,0.000293384610851853,0.0139375397974995,0.00198245813408277,0.000511771040588484,1.91874949374016e-05,0.000243243519508963,0.00244865784342198,0.0010383517115856,0.0237565532464237,0.000342269018169001,0.000301423780911265,2.36817693964948e-05,0.000873623885895493,0.00128464975494661,0.000266356885035054,0.00148596572559673,0.000280673462380948
0.00313022731192628,4.11308091401387e-05,0.000101642243287494,0.000247336742084445,0.000152674992568393,5.18690440364602e-05,0.000921878658337206,9.47247097344677e-05,0.0006490749461951,0.00374217952772626,7.81571584141379e-05,0.000189784028270183,6.10407570757333e-05,0.000189071062019519,0.004827398199802,0.0014550920006899,0.000119445202384076,6.0092698805537e-05,0.0111010057269288,0.000639195389889544,0.000211145758331528,0.000194208110316479,0.000251616229944646,0.000418125438702884,4.05263800186446e-05,0.00042507386158646,0.00665507147978018,0.000183035359850252,0.00023841869012081,0.00381733259835783,0.000701418739994714,8.77496825790577e-05,0.00157723247917229,0.00152285028294216,0.000236291014591149,0.00174466417662171,0.00269652371742231,0.00206521411795738,0.000887136543919327,0.72593942677386,0.00134117952617886,0.0324267570761132,0.00400017878425989,0.00124253275162188,0.000688221200170876,3.33739687476249e-05,0.000246031872652628,0.000309375925092486,0.000474739462411676,0.000672241315423638,9.38235473947496e-05,0.000146976739092633,5.87825097980625e-05,0.00181774908712305,0.0002267785244167,0.00319407245666594,0.000298276303098594,6.99608930802918e-05
0.0207683635222722,4.75793687539676e-05,0.000183728154514289,0.000257313222008673,0.000512081749357146,6.51781051580879e-05,0.00623629093872529,3.68503137092073e-05,0.00140072917776955,0.000777129277130344,6.08868758743877e-05,0.000139462562954394,1.92675339911412e-05,3.34333433407287e-05,0.000558709830354224,0.000143738831020329,0.000308426510024856,3.40695845151993e-05,0.00682769719039781,0.000186312296278532,0.00234375170631746,0.000175489175332891,0.000297230364431237,0.00042266936308344,1.46869312379822e-05,0.000132456186957616,0.00160126506606007,0.00122023930969204,0.000826509090675542,0.00299692867723319,0.00228747904601617,0.000114695998128426,0.00073917807381446,0.0028599799760369,9.09098910199284e-05,0.000649695407534615,0.00259010475245728,0.07713740474275,0.00191547075505141,0.000889279948467669,0.649845704030827,0.000808712030659033,0.0512402712739038,0.00219097919143091,0.000329807850354531,2.18045340897278e-05,0.000135163363288822,0.00221716119679541,0.00252071135562498,0.000911164061148965,3.79483949240301e-05,0.000118183939556771,5.43234413275605e-05,0.000180533117312053,0.00045800398770917,0.000274508297830573,0.000908223113199701,7.13160956156659e-05
0.00360689521199599,3.15311496817071e-05,4.33084207026881e-05,0.000184501539806859,3.85915514570954e-05,3.60060783190128e-05,0.00181975263341154,3.78073159333714e-05,0.000339395138120804,0.00118914618903989,3.04901476859175e-05,0.000121184706483128,8.56572632814614e-05,0.000161353641824773,0.00200730862837504,0.000349754249003924,4.15107854894187e-05,6.30404709454967e-05,0.0190446878859702,0.000308836998250434,0.000359156899338204,0.000106548554696429,9.0010416786088e-05,0.000245971890171054,4.37739155309343e-05,0.000324628573208759,0.00149337822153869,0.000248911584900999,9.66270000500339e-05,0.00491809327964687,0.000506505660294067,9.19486969988867e-05,0.00197895867402303,0.000862183477577628,5.49800286100674e-05,0.00232325593718032,0.00315461454489184,0.00192667101223963,0.000311484346402804,0.0335720362298419,0.00132344078496855,0.755634327743568,0.00359602181268817,0.000510076030216037,0.000228413309238448,2.4662214314909e-05,6.75520322487203e-05,0.000415461227283821,0.000391969816092675,0.000269207920735836,7.82254610301013e-05,7.81174040539686e-05,3.23808208491427e-05,0.000605583425628745,0.000116904196100614,0.0122473324265135,0.000193144618137757,8.71481086693562e-05
0.0235643559103293,3.13930993759699e-05,0.000139374263949172,0.000259003840505546,0.000354512663128299,4.37096615593402e-05,0.00443807827947064,3.16481729492435e-05,0.00119704257264025,0.00104282133815522,4.65156081738282e-05,0.000139706425902602,1.96175185339231e-05,2.73916067996254e-05,0.000665215616801559,0.000172137916496532,0.000110164075521053,2.03703209960606e-05,0.00602926333434067,0.000279760618682621,0.000790081759992877,0.000182080482350872,0.000199535704467348,0.0010166340464308,9.53683783068729e-06,0.000106715387320008,0.0032610233851824,0.000793262935211295,0.000459480298961806,0.0032132879227073,0.00136485792519249,0.000109808297952673,0.000681578494238971,0.00317197277181526,0.00112941306135704,0.000674282077637792,0.00254323255019502,0.0103108465189739,0.00228085358755865,0.00133579709817967,0.0206635944881268,0.000927335983554726,0.747001212903863,0.00565524897477879,0.000342797823764048,1.29248984979249e-05,0.000117293296508089,0.00133984769059163,0.00124680444595876,0.00118918883732526,4.74576850291343e-05,9.50429041780075e-05,1.9686359403866e-05,0.000248457141165437,0.000412505019212334,0.000259855423500245,0.000660841779535593,4.95456336575557e-05
0.00923227725075178,9.285928951464e-05,0.000185349901009949,0.000505612688497169,0.000450509038845857,8.22033054719768e-05,0.004006054582455,0.000103296445313571,0.00156667940389759,0.00125979683628032,0.000129245431454964,0.000235597147193269,7.80510641530127e-05,7.78930660474407e-05,0.000898202812549981,0.000172902246892835,0.000148504969921498,0.000158840762135956,0.00487451547215221,0.000504081614702996,0.00080296676494857,0.000231015659548552,0.000257202828321907,0.00122914278435868,4.61204309346547e-05,0.000209296278042235,0.0231233025848109,0.000407249341231064,0.000748874253560803,0.00223701282942111,0.00187237294612151,0.000324837271983149,0.000843458780398734,0.00257292064705133,0.00224637844039611,0.00081472671472935,0.00206707992628694,0.00561669534986828,0.00150385651427922,0.00190792969178833,0.00691887361181285,0.00116970780271039,0.0541769973427726,0.691982597228887,0.000648865816366915,7.45198884064667e-05,0.000225729749881784,0.00103003803903977,0.00124445352230041,0.000887322415799897,0.000128259577668122,0.000188146610295902,6.23214513164829e-05,0.000508658548066429,0.000625687965206182,0.000606793863065316,0.000414969862278279,0.000106286305121971
0.00204688656719384,4.72131317181695e-05,0.00012707866256612,0.00621295100163639,0.000140452068390791,0.00120366772078396,0.00123602891539523,0.0011233622798478,0.0008141617274251,0.00054432888459468,0.00176329845916659,0.00518011102069036,4.55423473765452e-05,5.97004826784019e-05,0.000616760783612381,0.000130428971184897,0.000467140054001246,0.00248072810016495,0.00256604823744203,0.000170389204977672,0.000399495729922972,0.000148838802045922,0.00099926026199023,0.000396465642018914,0.000591242071858814,0.000107270961371741,0.000672156774967232,0.00037774254680211,0.000465429433286819,0.00108347904072514,0.00238594096605735,0.00117285311476381,0.000436981576474303,0.00993650363373333,0.000106572780500578,0.000596116169236905,0.00135239799029717,0.00188763480862888,0.00193037689332907,0.000809240763726065,0.00111359065193114,0.000205187872024111,0.00183969056230399,0.000711032388189609,0.755108803913375,5.43135305227435e-05,0.00632470374392542,0.00210413377822595,0.00125672039609165,0.000819059257963663,0.000698753412102493,0.0162648863838528,0.00229616852829067,0.000763668674261228,0.000138879373868542,0.000357285397710408,0.00197227538425228,0.000386328456798902
0.0101282313943654,0.00659700880967014,0.00614628149969269,0.00936738828564275,0,0.0100389264494981,0.0177986068428601,0.0106023355869699,0.00939125377533689,0.0120876869493956,0.00532677729973366,0.00524482687973776,0.00553165334972342,0.00642798606842861,0.0149559516492522,0.0049853172164174,0.0101072184661613,0.0180670324083559,0.0108111515609979,0.0113631253091879,0.00788772792460561,0.00979990439117668,0.00863406210671116,0.00974624637808411,0.00478044116642765,0.00485848918547136,0.00725846577106566,0.00450727309977464,0.0867449649483802,0.0102438024994878,0.033746012234027,0.0471437606335124,0.00637392155523687,0.0158563279742072,0.00481458717475927,0.0128388991326914,0.0162653768383172,0.0138730353850206,0.00828382162125248,0.0165437410366728,0.0107867240319607,0.00501946322474903,0.0064256579314969,0.0129071911493546,0.0047940995697603,0.500977615064625,0.00430239704978488,0.0084291860567214,0.0143413234992829,0.0115315948137091,0.0109779416786178,0.0171633258652709,0,0,0,0.0066926176329987,0.00734401840732511,0.00771699788294749
0.00250688176107871,0.0001874875496549,0.000353067586714262,0.00392692163275163,0.000397277045740531,0.00105168797384548,0.00163665299183643,0.002604417991379,0.000879310440527898,0.00190111356396,0.00290363700372479,0.00264163843739317,0.000577786150619201,0.000655268986043892,0.000735163234137908,0.00047492250629496,0.000590225228432843,0.00109294212769418,0.00223265574585655,0.000558947257408684,0.000389622564126597,0.000421846986723534,0.000943715233196007,0.000718991606315491,0.00162377609968981,0.000381224684298305,0.000777436799263471,0.000496002510094504,0.000503494790605509,0.00157267516980266,0.00251656182478371,0.000700474317460686,0.000735219034003877,0.0115568497404469,0.000312479249424838,0.000793474094075223,0.00100180633338721,0.00193217766660155,0.00230270883845859,0.000716912027977306,0.000740464221404937,0.000814678043143337,0.00233213113735144,0.00106137783518582,0.0295067447117557,0.000382591781014539,0.754645156885811,0.00119523312905002,0.00198292609747663,0.00069077444075979,0.00171764864343873,0.00470871414619036,0.00152913094241209,0.00118771593955914,0.000519631441500448,0.00152631548633257,0.00193040849359358,0.000395833089208915
0.0239720586708273,2.73266429917594e-05,0.000211466346824266,0.000625752486544067,0.000268907848827608,0.000271361951601668,0.0400241989273073,7.40635123895248e-05,0.00169958948761821,0.000891235175394654,0.000115960224935952,0.000250385687514876,3.13677791543795e-05,3.59915269286383e-05,0.000706200890922005,0.000141161394093932,0.000482552554109303,9.66720182073168e-05,0.00386477325387275,0.000236598471683182,0.00642148440571349,8.23642387617734e-05,0.000550937144634507,0.000412168817288502,4.35699537920489e-05,6.08050686217298e-05,0.00128227016041544,0.0240518374104363,0.000632055213781413,0.00205245358080782,0.00297762500317106,0.000266920498501602,0.000606086007961286,0.0143871369845768,6.9063208031725e-05,0.000712050609639167,0.00172865096898916,0.0161936758750037,0.00311321242286447,0.000601319570488043,0.00675993101034766,0.000495532233013712,0.00803810439805882,0.000976056096793501,0.000600590817651224,4.17502446980611e-05,0.000282047043871232,0.666454179409337,0.00667775920399076,0.000896494013433314,0.00032003082348755,0.000305120934366703,6.03867548017024e-05,0.000252394681821781,0.000224899034248859,0.000191130203472515,0.0108080249947254,0.000403423783246684
0.00816174196536233,4.26098408969091e-05,9.1683247198888e-05,0.000594843277794917,0.000212790236095752,0.000158803030897751,0.00455167758762239,0.000104579219225262,0.00156250977427886,0.000620939528259529,0.000122559288813558,0.000900488200095288,4.7175715138332e-05,5.86840542222733e-05,0.000477483189271487,0.000106461718769874,0.00227936183058778,7.37890657461608e-05,0.00322329508907921,0.000105843863699804,0.0205028624587882,9.35524427855432e-05,0.00371460404950564,0.000318860606598874,5.47649992718893e-05,9.82306456982165e-05,0.000926790677102918,0.00771864705213936,0.00087101498998873,0.00168362490443978,0.0020785831054129,0.000263170847210944,0.000574160474084571,0.00320855848402593,6.38455895257251e-05,0.000514457889880384,0.0015605248438023,0.0121120973246299,0.00107749072341453,0.000708637365678634,0.00444067615084207,0.000533602587290708,0.0049839370145642,0.00102929386175631,0.000773873695453849,3.39490898920953e-05,0.000390833670112731,0.00431883063500796,0.731615608297154,0.000591380390426712,0.000119839603005781,0.000243862505219723,0.000101208503988008,0.000233815952973619,0.000207163155235859,0.000283836465376037,0.000914116337479836,0.000180373754446098
0.0164260893266131,7.40195364984805e-05,0.000528168285518511,0.00042870909272399,0.00105404015311041,0.000101065901582767,0.00389259297529989,6.65841572134486e-05,0.00114581065653287,0.00323731443062128,8.11662254200188e-05,0.000185335818125452,3.77799598286148e-05,2.94861853230182e-05,0.00131156030264938,0.000422533060894039,0.000121717987714648,7.07062515354315e-05,0.0035707417734002,0.000992366048453193,0.000475334997998585,0.000419938814021306,0.000228372100838984,0.0133223433407203,2.53129853869311e-05,9.49832084895175e-05,0.00174572436764958,0.000374182882773518,0.000256509098642949,0.00169945899215186,0.00159140978554309,8.35780938931656e-05,0.000630817383077995,0.00900907481663769,0.000298526492856615,0.000920565759628085,0.00131978194908291,0.00442556571197546,0.0365145812035951,0.00104961974454177,0.00344852217903946,0.000337502896778377,0.00962970331471704,0.00205953418800418,0.000321882552315061,1.53585684948891e-05,0.00013950934844306,0.00108861182367122,0.000853217229787005,0.711776640893281,0.000198393266131415,0.000221333932586069,2.20047484506668e-05,0.00124095916721258,0.00381108973291453,0.000204929827738242,0.000731483566864664,0.000157747452590644
0.00327570262617251,7.59347417821723e-05,0.000167552737422624,0.0235011444373303,0.000242253006646688,0.00641999218685669,0.00187866737398113,0.000247982589035786,0.00201642451849303,0.00186554764593238,0.000805223308992207,0.000553537999715481,8.61917221536205e-05,0.000101908063045355,0.00147381155547668,0.000208619873170289,0.000619389266301647,0.000227360162529077,0.00348497091995015,0.000288013332126434,0.000386605256537745,0.000105820964393229,0.00147744148601764,0.00136367489106741,0.000107828900611217,0.000158817760590164,0.000851142357162842,0.000685290005546534,0.0064425201409404,0.0014782567264932,0.0215496712040786,0.000981190400679808,0.00102907866882405,0.0375148697444053,0.000119786277055294,0.00137821880012146,0.00107072517397881,0.00249443145226931,0.00508121888488181,0.000675980052680614,0.0011667926563358,0.000289471838302341,0.00207347807270504,0.000893532452469789,0.00202885373453922,0.000121307513187619,0.00155727719378684,0.00404782451604172,0.00115181717728015,0.00150527300859359,0.611096044522833,0.0019942418204106,0.000161605519153715,0.000516459820919161,0.00021998561548413,0.000383267439110965,0.0109092265005387,0.0561886879287972
0.00208900356422349,0.000107233870764261,0.000317963612440435,0.0492509947244227,0.000243675944179145,0.00218423876018996,0.00150717068231458,0.00096807324852581,0.00107864658239346,0.00111381984051498,0.0137281980650731,0.00413700594256653,0.000176620493023489,0.000232602881437183,0.000878042301855789,0.000193639853200279,0.000460837378348644,0.00147803104351995,0.00243182284416039,0.000283265628811004,0.000344590186388684,0.000157211647636292,0.00186857076722406,0.000743780709751093,0.000487992960411775,0.000231207870674979,0.000746458128327401,0.00053858981738849,0.000730890704825467,0.00112903790000527,0.00260878615646382,0.0018276381451996,0.000673652351231638,0.0113594539684211,0.000280413704832747,0.000942091491633538,0.000872843503984217,0.00150819914015439,0.00224176383536337,0.000619839324654274,0.00082682220484052,0.000358366134282034,0.00180850882937912,0.00104939381323644,0.104090903605801,0.000110630418707021,0.00371492684510822,0.00228797587429887,0.00135154881199844,0.00102160145421196,0.00229983742138468,0.603174204851249,0.00118464630374995,0.000508182691133677,0.000364196768508961,0.000370836636667739,0.0028615125296333,0.000788141524574928
0.0031496362874662,0,0.00116080156402737,0.00492895381155064,0.0023710848824152,0.00208833200035546,0.00381597587048682,0.00355304862173206,0.00214185308160248,0.00583005721166062,0.00277922757374246,0.045359401744076,0.00202976176050023,0,0.00185876358896887,0.00115524748955834,0.00197576942444978,0.0025807177043038,0.00354089389605845,0.00121583739285685,0.00185283924286857,0.0011108148938061,0.00348952329457059,0.00192675892489276,0.00201057495778903,0.00104416600017773,0.002350695899083,0.00201850934988765,0.0014218430640718,0.00299432346496219,0.0041601441894697,0.00162317826357416,0.00183782408982126,0.0245717084139882,0,0.00158646218931782,0.00734365572689388,0.00360126188571936,0.00387955447489772,0.00190140866650119,0.00223252834883444,0.00144723311878737,0.00293889883332699,0.00206294194563989,0.10137006943076,0,0.00393065914130216,0.00260349253081626,0.00241386877331578,0.00197782015963834,0.00135721383388672,0.0099099177417423,0.630622655214648,0.00136529248765986,0.00131520483426642,0.00189949346840842,0.00262929885363903,0.00220856137709683
0.00227754854155851,2.31453315205028e-05,6.44283043468198e-05,0.000234587279348794,5.68411898945781e-05,6.1206543354218e-05,0.000825813927865688,5.79980370799471e-05,0.000391448414336814,0.0332880183202918,5.65272974695853e-05,0.000122429786081826,9.71918017583827e-05,9.89561103300204e-05,0.0137095405229039,0.012962794497748,4.97345094701426e-05,5.16496032914665e-05,0.00820132539656435,0.00187290297546031,0.000110343224937743,7.8627485019151e-05,6.61730606998872e-05,0.00135989125470277,3.65034942837642e-05,0.000125195424973757,0.00102361786047507,0.00015089418700429,8.45951098857725e-05,0.00261415737537346,0.000842202547700081,7.08519882090086e-05,0.00109567028381716,0.00478656956629847,8.56896674355108e-05,0.00180018925693193,0.00166047387684667,0.00174484172503507,0.00211783137808473,0.00759213835414707,0.000507951374984115,0.000897962191089848,0.00210084855098149,0.00063238029387881,0.000489492613696956,1.90453013654423e-05,0.000112209333930452,0.00028216219680957,0.000286685839243391,0.00153576702229397,6.23932008274117e-05,0.000120940347187254,2.02278527574142e-05,0.721503324072134,0.000180618367294059,0.000855246355650145,0.000415264625031824,5.15462195216005e-05
0.00728640363703597,0.000493591916313795,0.00240584180314237,0.0010076939712244,0.0165453801298097,0.000217380591633341,0.00376299184448591,0.000228659118498098,0.0021976303898043,0.00392962736380949,0.000227809450816674,0.000477376663235677,0.000204228094151055,0.000404782891598993,0.00107527739970613,0.000589363360325925,0.000575874145323145,0.000265941879611033,0.00363992387877034,0.00101275890329928,0.000493560583775729,0.00317760989562708,0.000663533309489589,0.00361195765864482,0.000342606942991727,0.00170673189660676,0.00214123833580091,0.000354758832706011,0.000566417063678862,0.00176560622964565,0.00234235765359928,0.000307593382924915,0.000750894718901751,0.0182889951181104,0.000331632068773329,0.000725038686029508,0.00173693602871812,0.00299487512792264,0.0158573447260688,0.00100172178971859,0.00243870418643527,0.00042902428482563,0.0061225275620792,0.00287612242465967,0.000584054175796486,0.000186504694792151,0.000414968134129912,0.000951162914185423,0.00167971590967558,0.0360139356421758,0.000374687344553198,0.000358388079076405,0.000282190076893121,0.00117034896863567,0.65380674196689,0.000624469585616618,0.00116694655016343,0.000269205988389284
0.000649067072019986,9.55316797991745e-06,2.17408211635651e-05,0.000126031993515786,2.72437237211293e-05,2.09733879584802e-05,0.000263984783933377,2.43220195585957e-05,0.00029532823906132,0.0006256056454529,2.0301016729379e-05,8.66095428434555e-05,5.96059094964377e-05,0.000310285627415398,0.00186331738312686,9.66350308022075e-05,2.62355248230089e-05,2.59037291718567e-05,0.0885936219868905,0.000291265738520707,0.000102077615258533,8.46321882958486e-05,4.45813624457178e-05,0.000153019233879649,1.22944095308051e-05,0.00074883644833499,0.000594412833287588,9.734560257302e-05,0.000103967312596971,0.00588496938361584,0.000261963252563886,2.24669074031049e-05,0.00276001718845923,0.000549696170638392,2.90098390545057e-05,0.00388349782540566,0.0038865301224599,0.000572608479309438,0.000200811928636751,0.00218178146557798,0.000331793554918695,0.0114735511679815,0.000745774994578308,0.00028065755828128,0.000105838829873885,1.41944546401113e-05,4.43411596631678e-05,0.000111937440135213,0.000188673021518984,0.000151697463368828,2.18270836655408e-05,2.77836074013821e-05,1.86030560375212e-05,0.000424735403411256,6.15850708264225e-05,0.719204904693834,0.000154297269336805,1.90038900887354e-05
0.00668436701242072,7.60712461556841e-05,0.000463692261038457,0.0012352521399566,0.000276152010824478,0.00172837651203414,0.00497034245133055,0.000108931954529058,0.00359865818511646,0.00125478181805868,0.000292452992143553,0.000267134846949882,0.000100145380603762,7.0750786975153e-05,0.000778686852793946,0.000171959371562008,0.000333953558110475,0.000103438340809253,0.00559440622769935,0.000229650902279,0.00124802911686008,0.000113789905707878,0.000693520131554428,0.000797291233647238,8.11926272597613e-05,0.00011966689386949,0.00119869305504172,0.0017523358046251,0.00109480382989587,0.00258508364135888,0.0101615750118399,0.000342798292134839,0.000862613281976577,0.0951156747558908,0.000193873983526117,0.000864365440596622,0.00289324699955633,0.0057085721584594,0.00428381126708079,0.000767228916649379,0.00321916819006031,0.000613491763122011,0.00460203477196187,0.00126192826276741,0.00082886946315907,7.15278464659983e-05,0.000406796107483154,0.0258940300766493,0.00222628486775967,0.00114581330163225,0.0020584123222189,0.000484383266152811,0.000121946478823131,0.000415025346844717,0.00023334213708429,0.000462687998745056,0.602262296649196,0.000963608492323023
0.00286586012723863,0.000137147670818517,0.000230304579299018,0.0187007625625129,0.000253279806968386,0.00256302228428529,0.00185914628703513,0.000249348880704743,0.0029111339174178,0.0010928216682346,0.000479033612437884,0.00066710971795819,0.000270788942550571,0.000100322824517464,0.000573292969539459,0.000420779094121595,0.000442905412886912,0.000207287901976879,0.00259223118117508,0.000234439457618326,0.000565271343382332,0.000135032730321496,0.00175502543074905,0.00074757250699728,0.000225726355164294,0.00027825714288686,0.000575127990637094,0.000476115404689133,0.0118718393052676,0.000735090134139906,0.0505413226442791,0.000716552658500322,0.000545416768692376,0.0546969892403771,0.000301167526775642,0.000795948217830772,0.00134502669087171,0.00200659279853479,0.00449735227191474,0.000289602860821637,0.000847583769947921,0.000269341978735416,0.00241954818276264,0.00095767025366118,0.00105426592434008,0.000191061236335492,0.000617115302227033,0.00461085804522846,0.00106000434915981,0.00104445173498511,0.121568305122212,0.00101518442030154,0.000156814129275511,0.000391729278858036,0.0002219876163624,0.000253416389415815,0.00989153451393358,0.526017007055468
